sud Stats:
    - Mean: [-0.21130208671092987, 0.42238131165504456, -0.2110792100429535]
    - STD: [0.0, 1.618151068687439, 0.0005692229606211185]
    - Height: 500
    - Width: 500